4.31490887804179e-06,
9.11319407747024e-06,
1.66455243794543e-05,
2.52291109497020e-05,
3.16205641630759e-05,
2.97017189475716e-05,
9.71274412438235e-06,
-4.22734652436985e-05,
-0.000144360826492747,
-0.000318124745221734,
-0.000586990377904722,
-0.000973565237688662,
-0.00149595770646612,
-0.00216322578494236,
-0.00297030221213582,
-0.00389290924703200,
-0.00488311766547121,
-0.00586627182277468,
-0.00674003494098334,
-0.00737617805170233,
-0.00762554600514187,
-0.00732633831037168,
-0.00631547762321797,
-0.00444242212728042,
-0.00158441079569371,
0.00233819624836742,
0.00734802433889993,
0.0133998275841555,
0.0203741241901004,
0.0280764709946305,
0.0362430504217557,
0.0445526520326726,
0.0526444822193738,
0.0601406014537053,
0.0666712499683998,
0.0719009345048983,
0.0755529709472847,
0.0774302429376902,
0.0774302429376902,
0.0755529709472847,
0.0719009345048983,
0.0666712499683998,
0.0601406014537053,
0.0526444822193738,
0.0445526520326726,
0.0362430504217557,
0.0280764709946305,
0.0203741241901004,
0.0133998275841555,
0.00734802433889993,
0.00233819624836742,
-0.00158441079569371,
-0.00444242212728042,
-0.00631547762321797,
-0.00732633831037168,
-0.00762554600514187,
-0.00737617805170233,
-0.00674003494098334,
-0.00586627182277468,
-0.00488311766547121,
-0.00389290924703200,
-0.00297030221213582,
-0.00216322578494236,
-0.00149595770646612,
-0.000973565237688662,
-0.000586990377904722,
-0.000318124745221734,
-0.000144360826492747,
-4.22734652436985e-05,
9.71274412438235e-06,
2.97017189475716e-05,
3.16205641630759e-05,
2.52291109497020e-05,
1.66455243794543e-05,
9.11319407747024e-06,
4.31490887804179e-06